Teff logg Vturb FeH C O Mg Al Si K Ca Ti Fe H
3897 5.07 0.45 -0.834 7.9946 8.2910 6.5041 5.9842 7.1939 4.3293 5.9280 4.1448 6.6663 12.0
3869 5.23 0.67 -0.569 8.2619 8.6562 7.2545 5.5697 7.2119 4.8843 6.2121 4.0478 6.9311 12.0
3832 5.06 0.22 -1.437 7.5730 7.1075 6.2238 5.0405 5.7861 3.4909 4.8558 3.8784 6.0625 12.0
3830 5.19 0.38 -0.842 8.1148 8.3004 6.6115 5.7830 6.8930 4.1269 5.9363 3.6176 6.6580 12.0
3804 5.34 0.75 -0.826 7.5758 8.3333 7.1187 6.0709 6.6320 4.4974 5.9157 4.2624 6.6736 12.0
3886 5.26 1.95 -1.089 7.5637 8.0693 6.0091 5.4175 6.1356 4.0494 4.7843 3.9409 6.4113 12.0
3805 5.21 0.59 -1.445 7.2402 7.4484 6.2225 5.2276 6.5595 3.9211 4.9049 3.8368 6.0550 12.0
3846 5.05 1.11 -1.384 7.6597 7.0835 6.1092 4.9769 6.0988 3.5834 4.6875 3.4778 6.1156 12.0
3812 5.25 1.12 -1.478 6.6883 7.3782 5.9622 5.2311 6.1838 3.2274 5.3732 3.0445 6.0223 12.0
3822 5.26 0.66 0.329 9.3000 8.8383 7.7636 6.3671 7.5876 5.4020 6.2323 5.5003 7.8289 12.0
3827 5.14 0.56 0.373 8.6136 9.1370 7.6506 6.8576 8.4116 5.5881 6.9103 5.5694 7.8726 12.0
3812 5.42 0.17 -1.489 7.2865 6.8132 6.2202 4.9785 5.8460 3.6399 5.0705 3.3835 6.0113 12.0
3824 5.45 0.43 0.477 8.6319 9.0385 7.7934 7.2303 7.8747 5.4352 7.1339 5.3817 7.9772 12.0
3855 5.26 1.08 -0.726 8.2082 8.4512 6.6366 5.2869 6.3913 4.0109 5.2300 4.5193 6.7742 12.0
3803 5.05 0.30 -1.466 7.0361 6.9696 5.8966 5.0695 5.8156 3.5785 4.7561 3.3218 6.0339 12.0
3843 5.44 0.33 -1.147 7.6746 8.0052 6.7862 5.1824 6.1255 4.2328 5.5898 3.8668 6.3534 12.0
3883 5.16 1.82 -0.909 7.5930 7.7269 6.8181 5.7791 6.9647 4.5086 5.8870 3.6707 6.5906 12.0
3886 5.03 0.56 -0.117 8.6062 8.5816 7.7856 6.2140 7.6033 4.8862 6.6583 4.4443 7.3825 12.0
3811 5.18 1.82 -0.737 7.6954 8.1919 7.0428 6.1886 6.8600 4.7800 5.8360 4.2603 6.7631 12.0
3871 5.19 0.32 -1.276 6.9442 7.4365 6.0062 5.1571 6.5506 3.5201 5.4456 3.4668 6.2238 12.0
3877 5.43 1.05 -1.409 7.2253 7.5752 6.2221 5.4038 6.4635 3.7175 4.6234 3.5851 6.0909 12.0
3879 5.23 1.09 0.395 8.8752 8.8082 7.9498 7.1001 8.4158 5.5827 6.8405 5.3522 7.8954 12.0
3888 5.42 0.51 -1.614 6.4739 7.1909 5.9905 5.2696 5.5031 3.1926 5.1939 3.8107 5.8862 12.0
3878 5.22 0.60 -0.589 7.6292 8.4829 6.6895 5.7702 7.0384 4.3203 5.4003 4.2130 6.9112 12.0
3893 5.45 0.24 -0.617 8.3181 8.2197 7.3254 5.9374 7.0462 4.0583 5.2532 3.8666 6.8828 12.0
3870 5.26 0.71 -0.381 8.4583 8.1352 6.8856 6.2140 7.5925 5.2445 6.0368 4.3216 7.1192 12.0
3806 5.49 0.15 -1.567 7.1981 7.3111 5.5685 4.5506 5.6147 3.1149 4.9548 3.7766 5.9327 12.0
3866 5.22 1.72 -0.112 8.7759 8.4551 7.2373 6.6833 7.5703 4.7510 5.9788 5.2024 7.3883 12.0
3836 5.27 1.19 0.462 9.0340 8.8156 8.3019 7.0505 7.6870 5.7626 7.1586 5.2535 7.9623 12.0
3824 5.10 1.88 -1.584 6.6500 6.7739 6.3193 5.2005 6.1813 3.2084 4.6539 2.8987 5.9156 12.0
3898 5.33 0.50 0.438 9.2771 9.1768 8.0018 6.4656 8.4817 5.1832 6.8762 5.2986 7.9380 12.0
3825 5.04 0.24 -0.698 7.9870 7.9548 6.6075 5.4213 6.8883 4.7337 6.0716 4.6736 6.8021 12.0
3824 5.30 0.68 -0.373 7.7393 8.2483 6.6853 5.6780 7.6525 5.0602 6.4005 4.8523 7.1269 12.0
3865 5.46 0.79 0.363 8.6717 8.6866 7.4706 7.2028 8.1336 5.4064 7.2274 5.1694 7.8633 12.0
3822 5.12 1.65 -1.413 7.4415 7.0836 6.3624 5.3353 6.4057 4.1399 5.1856 3.2090 6.0872 12.0
3817 5.30 0.15 0.513 9.5426 8.9594 8.5182 6.5063 7.7802 5.2830 6.7294 5.5156 8.0133 12.0
3880 5.21 1.03 -0.846 8.1511 7.9386 6.8572 6.0814 6.9455 4.5602 5.7755 4.0667 6.6538 12.0
3855 5.04 0.67 -0.054 8.7984 8.6057 7.7253 6.7560 7.4496 4.6596 6.6118 5.2246 7.4464 12.0
3842 5.10 1.16 -0.052 8.3483 8.8924 7.1157 6.3262 7.8101 4.8844 6.1175 5.0336 7.4484 12.0
3854 5.27 1.87 0.189 8.6245 9.0583 8.1073 6.8775 7.7712 4.9443 6.6552 5.3716 7.6887 12.0
3803 5.29 0.58 -1.376 6.9679 7.8177 6.3277 5.4945 6.2768 4.0813 5.0400 3.1155 6.1241 12.0
3840 5.04 1.29 -1.256 6.9928 7.4096 5.9569 4.9541 5.9060 3.9909 5.2524 3.7992 6.2437 12.0
3837 5.16 0.35 -0.108 8.4946 9.0411 7.5252 6.6166 7.3247 4.9240 6.1083 4.6270 7.3920 12.0
3827 5.34 1.80 -1.029 7.9492 7.8939 6.4279 4.9156 6.5126 3.6720 5.3972 3.6572 6.4706 12.0
3882 5.25 0.88 -0.461 7.6261 8.1311 7.1120 5.9398 7.0017 4.4560 5.8817 4.6645 7.0391 12.0
3848 5.10 1.83 -1.508 7.5004 7.2002 5.7263 5.3920 6.2658 4.0313 4.9720 3.1049 5.9918 12.0
3856 5.34 0.93 -0.800 7.5343 7.5660 6.6040 5.8150 6.9748 4.4313 5.1882 3.7779 6.7004 12.0
3815 5.14 1.64 -0.143 8.7724 9.1049 7.0597 6.1009 7.8709 5.1713 5.7561 4.6292 7.3566 12.0
3897 5.01 1.51 -0.549 7.7486 8.1422 7.3999 5.9212 7.1107 4.6940 6.0722 4.3454 6.9511 12.0
3893 5.38 0.21 0.000 8.5577 8.5648 7.4333 6.8620 7.4330 5.4296 6.3617 4.8988 7.5001 12.0
3833 5.21 1.61 -0.611 7.6284 8.3425 6.9528 5.4948 6.6380 4.6698 5.4959 4.5687 6.8888 12.0
3804 5.03 1.18 0.145 8.3750 8.8405 7.8255 6.9653 7.3138 5.7649 6.4631 5.3285 7.6453 12.0
3862 5.03 0.89 -0.195 8.4936 8.7910 7.2733 5.8167 7.5889 5.0315 6.3263 4.6123 7.3052 12.0
3889 5.45 1.26 -1.429 6.8917 7.2347 5.7019 5.3450 6.4695 3.8636 4.6333 3.9482 6.0713 12.0
3816 5.13 0.57 0.346 9.3564 9.4800 7.5422 6.8982 7.7234 5.3820 6.4708 5.4220 7.8460 12.0
3865 5.26 1.94 -0.232 8.6562 9.0357 7.2792 5.8470 7.5964 5.0812 6.5959 4.9422 7.2685 12.0
3852 5.15 1.54 -0.273 8.2046 8.9890 7.7576 6.5168 7.7950 5.1124 6.1629 4.4002 7.2270 12.0
3866 5.48 0.01 0.109 8.2206 8.4192 7.5585 6.0945 7.5269 5.0687 6.8274 4.8680 7.6095 12.0
3885 5.44 0.30 0.215 9.0693 8.8013 8.1144 6.2386 8.2011 5.6983 6.7898 5.2284 7.7151 12.0
3897 5.18 0.10 -0.737 7.7150 7.7601 6.8493 5.9526 6.8332 3.9985 5.8943 4.2830 6.7629 12.0
3895 5.11 1.14 -1.116 7.1732 7.1609 6.2286 4.9440 6.1539 4.4746 5.0637 4.2863 6.3837 12.0
3802 5.08 0.34 -1.024 7.5199 7.3797 6.4619 5.5743 6.6418 4.5850 5.4987 4.2239 6.4761 12.0
3825 5.44 1.96 0.264 9.1327 9.4341 7.7402 6.8703 7.6419 5.3213 6.8182 5.6166 7.7636 12.0
3872 5.31 0.88 0.085 8.1921 9.3429 8.0449 6.1973 7.9736 5.4495 6.6595 5.1148 7.5846 12.0
3812 5.43 1.03 -0.789 8.1166 8.2740 6.3829 6.0218 7.0029 3.9092 5.7803 4.3057 6.7113 12.0
3846 5.17 0.83 -0.961 7.7195 7.3292 6.8777 5.5265 6.1855 3.8526 5.8687 4.1578 6.5389 12.0
3807 5.44 1.94 0.381 8.8435 8.6771 7.5329 6.7654 8.2038 5.1274 7.2319 5.2306 7.8813 12.0
3869 5.44 0.05 0.486 9.0278 9.7212 8.2605 7.1187 8.0506 5.5393 7.1978 5.5384 7.9864 12.0
3857 5.14 0.28 -0.034 8.2159 8.9926 7.6958 6.6185 7.9453 5.2146 5.9132 4.8250 7.4659 12.0
3893 5.46 1.29 -0.453 7.7318 8.1855 6.9504 5.7216 7.0034 4.5324 5.4522 4.4995 7.0468 12.0
3822 5.47 0.31 0.033 8.3712 8.8766 7.1617 6.7374 7.2933 5.2136 6.1841 4.6903 7.5329 12.0
3863 5.40 1.72 -0.598 7.5649 8.4613 6.6875 5.6141 7.3713 4.1519 5.6573 4.7463 6.9020 12.0
3819 5.24 0.27 -0.729 8.0020 8.1416 7.1950 5.4025 6.7712 4.4788 5.8541 3.9340 6.7711 12.0
3873 5.21 0.41 -0.226 7.9847 8.7704 7.0563 5.8988 7.6365 4.8868 5.7392 5.1842 7.2743 12.0
3880 5.12 1.66 0.401 8.6105 9.1099 7.7184 7.0405 7.9875 5.9754 7.0728 5.2872 7.9009 12.0
3860 5.12 0.97 -1.182 7.5590 7.8209 6.0960 5.3833 6.5208 3.5862 5.1166 3.4794 6.3175 12.0
3892 5.21 0.15 0.283 9.1198 9.2432 7.3928 6.7685 7.6999 5.6311 6.5169 5.6990 7.7832 12.0
3815 5.02 1.58 -0.810 7.4108 8.1244 6.5336 5.4036 6.2839 3.9756 5.8960 4.1615 6.6902 12.0
3881 5.49 0.93 -1.144 7.1312 7.4944 6.2621 4.8120 6.2214 4.1477 5.3064 3.9349 6.3555 12.0
3836 5.29 0.22 -1.265 6.9668 7.5914 6.5888 5.0181 6.4657 4.3351 5.1701 3.4518 6.2351 12.0
3850 5.24 1.94 -0.531 8.0981 8.0234 7.4342 6.3612 7.0125 4.4677 5.8571 4.0126 6.9687 12.0
3812 5.21 1.70 -0.235 8.4257 8.2340 6.9383 6.0111 7.8103 5.2127 6.6116 5.0619 7.2650 12.0
3879 5.22 1.73 0.143 9.1249 9.3016 7.8876 6.8403 8.1605 5.5521 6.7385 5.4420 7.6430 12.0
3844 5.06 1.84 0.582 8.9839 9.3668 8.0447 6.5691 7.8384 6.0975 7.1598 5.0870 8.0820 12.0
3811 5.19 0.90 -1.436 7.1268 7.2725 5.8066 5.3941 6.4634 3.5143 4.8356 3.7891 6.0636 12.0
3844 5.12 0.40 -1.482 6.6712 7.3619 5.7562 4.7245 5.7907 3.4133 4.9160 3.3521 6.0176 12.0
3823 5.43 0.51 -0.062 8.6171 8.8163 7.1495 6.7621 7.4116 4.6124 6.5376 5.1806 7.4376 12.0
3894 5.32 0.12 -0.032 8.4907 8.2772 7.2866 6.7576 7.8327 5.2975 5.9134 4.5806 7.4678 12.0
3895 5.50 0.91 0.297 9.3155 8.6925 8.2928 6.8798 8.3757 5.1465 6.7675 5.5318 7.7971 12.0
3879 5.04 1.49 -0.822 7.8383 7.8624 6.4424 5.3510 7.0639 4.2257 5.6720 3.7206 6.6779 12.0
3821 5.17 1.30 -1.196 7.8015 7.8226 6.1445 5.7088 5.9659 3.6703 5.1969 3.8588 6.3041 12.0
3817 5.08 0.35 -0.577 8.3770 8.2676 7.2678 5.6315 6.8255 4.7421 6.1106 4.3149 6.9229 12.0
3811 5.07 1.23 -1.416 7.5106 7.3835 6.2318 4.7931 6.6082 3.5065 4.8703 3.5175 6.0843 12.0
3870 5.08 0.89 -0.558 7.5733 8.1660 6.8665 5.8534 6.9076 4.6045 5.9805 4.1215 6.9423 12.0
3886 5.22 0.31 -0.278 8.2642 8.7857 7.1279 6.2478 7.7762 4.9122 5.9439 4.3540 7.2217 12.0
3846 5.05 1.51 0.110 8.8149 8.9949 7.2516 7.0149 7.2820 5.3580 6.1864 4.6609 7.6096 12.0
3818 5.43 0.41 -0.056 9.0028 8.2700 7.5757 6.8603 7.5502 5.2246 6.3127 4.7253 7.4444 12.0
3870 5.37 1.61 -1.011 7.7319 8.0212 6.4008 5.2202 7.0273 4.5632 5.2666 3.5933 6.4888 12.0
3834 5.37 1.46 -0.079 8.5887 8.6803 7.1561 6.5184 7.9119 5.3369 6.7307 5.1924 7.4207 12.0
3814 5.36 1.96 -1.137 7.0106 7.4641 6.2777 5.2176 6.6134 3.7256 5.3187 3.7896 6.3626 12.0
3848 5.25 0.74 -0.371 8.1749 8.8933 7.1466 5.9028 7.3960 4.3803 6.3904 4.8642 7.1292 12.0
3844 5.17 0.20 0.259 8.6937 9.1339 8.1521 6.8939 8.2343 5.2299 6.9167 4.9027 7.7591 12.0
3810 5.27 0.20 -0.464 8.5713 8.3330 6.6747 6.2114 7.1308 4.7225 5.5813 4.1809 7.0357 12.0
3889 5.05 0.53 0.274 9.0377 8.7584 8.1044 6.8955 7.5599 5.3936 7.0518 4.7152 7.7740 12.0
3806 5.03 1.50 0.175 9.0975 8.4733 7.4564 6.3357 7.7071 5.1197 6.9508 5.4728 7.6749 12.0
3872 5.49 0.47 -0.785 8.2580 7.4919 6.7893 5.7529 6.7305 4.7433 5.3555 3.7413 6.7147 12.0
3862 5.22 0.25 0.332 9.2396 8.8130 7.5238 7.0210 7.6670 5.5000 6.2954 4.9646 7.8320 12.0
3806 5.42 0.09 -0.433 8.2146 8.4808 7.5187 5.9034 7.4302 4.7111 6.3166 4.4713 7.0675 12.0
3872 5.08 0.05 0.469 8.6891 9.2914 7.8643 6.4426 8.4825 6.0692 7.3201 5.8737 7.9687 12.0
3891 5.28 1.41 -1.302 7.2527 7.8304 6.0003 5.0021 6.2421 3.3506 4.7053 3.6565 6.1982 12.0
3827 5.30 1.25 0.428 8.5036 8.7586 8.1143 6.5477 7.5827 5.7694 6.4726 5.6508 7.9275 12.0
3846 5.26 0.42 -0.238 8.3392 8.9838 7.2414 6.6699 7.6245 4.8955 5.7439 4.6002 7.2621 12.0
3875 5.49 1.77 -0.005 8.2210 9.1318 7.1950 6.1004 7.9614 4.8297 6.1422 5.3765 7.4948 12.0
3885 5.01 0.43 -0.650 7.7175 7.8973 6.9817 6.1236 7.1378 4.0393 5.3693 4.5747 6.8499 12.0
3848 5.22 1.85 -0.107 8.0145 8.2281 7.6121 6.3573 7.1827 4.8332 6.7580 4.6583 7.3926 12.0
3847 5.32 0.46 -0.329 8.2144 8.4942 6.8307 5.7155 7.1088 4.6322 5.9823 4.8621 7.1709 12.0
3833 5.01 1.55 -0.853 7.8014 7.9830 6.2946 5.6954 6.7745 4.7455 5.7764 4.4780 6.6473 12.0
3838 5.45 1.20 -0.842 7.8343 8.0262 6.7969 5.5783 6.8417 3.9083 5.3005 3.6556 6.6579 12.0
3880 5.45 0.16 -1.540 7.2174 6.9525 6.1452 5.1039 5.7649 3.5946 4.3441 3.7183 5.9599 12.0
3813 5.05 1.21 -0.344 8.3532 8.4762 7.4669 6.3281 7.4580 4.9870 5.5948 5.0773 7.1555 12.0
3833 5.27 1.73 -0.569 8.1814 8.5589 6.8384 5.9894 6.8384 4.4811 6.2912 4.0789 6.9313 12.0
3825 5.19 1.80 0.322 8.6312 9.4663 8.1908 6.3164 7.7417 5.8064 6.3771 5.6990 7.8219 12.0
3827 5.42 1.25 0.549 9.0534 9.1629 8.3068 6.6825 7.8484 5.8770 6.8726 5.6683 8.0487 12.0
3826 5.48 0.40 0.421 9.3710 8.7027 8.1937 6.4938 7.8549 5.3752 7.1139 4.9812 7.9209 12.0
3805 5.19 0.85 -0.431 8.1559 8.5417 7.4183 6.3921 7.2207 5.2021 5.9901 4.6700 7.0686 12.0
3845 5.41 1.81 -1.237 7.0759 7.5350 6.8062 4.6999 5.9407 4.3711 5.0303 3.3908 6.2633 12.0
3829 5.18 1.30 -1.238 7.3246 7.7735 6.3460 4.9901 6.0063 3.6138 5.0085 3.2126 6.2616 12.0
3864 5.16 0.11 -1.541 6.8182 7.7042 5.8899 5.1502 6.2840 3.7786 5.2802 3.3655 5.9588 12.0
3822 5.27 1.96 -1.635 6.4791 6.7192 6.1890 5.0981 6.0808 3.5768 4.9949 3.3953 5.8648 12.0
3849 5.21 1.77 0.111 9.0652 9.3175 8.1111 6.3726 7.7174 5.3147 6.4790 5.0880 7.6107 12.0
3806 5.46 0.98 0.411 9.0863 9.5553 8.4260 7.1109 7.5719 5.4280 6.9550 5.8215 7.9109 12.0
3831 5.35 1.20 -1.393 6.9049 7.3137 6.2513 5.3877 6.2263 4.0886 4.7373 3.3748 6.1074 12.0
3883 5.24 0.78 -1.012 7.9157 7.5209 6.1025 5.2346 7.0392 4.0455 5.4606 4.3583 6.4884 12.0
3892 5.28 0.18 -0.102 8.5924 9.0289 6.9819 6.1019 7.7518 4.8162 6.2637 4.7940 7.3980 12.0
3896 5.26 0.66 -1.240 7.3407 7.3176 5.8459 5.4330 6.0041 4.1438 5.5634 4.0945 6.2601 12.0
3887 5.39 1.53 -0.623 7.4663 7.7967 7.0314 5.8314 7.3804 4.4735 6.1373 3.8575 6.8770 12.0
3847 5.04 0.41 -0.323 8.5727 8.0341 7.3721 6.4026 7.2495 5.2091 5.6427 4.8615 7.1769 12.0
3872 5.19 0.41 0.143 8.6869 8.5954 7.7797 6.4054 7.4037 5.6951 6.1620 4.7087 7.6429 12.0
3886 5.25 1.55 0.323 9.1341 9.5010 8.3448 7.0944 7.7418 5.7682 6.3227 5.2954 7.8227 12.0
3813 5.05 1.87 0.440 9.2791 9.2235 7.7575 7.3647 8.5232 5.8371 7.0844 5.5938 7.9400 12.0
3891 5.39 1.21 -1.172 7.7426 8.0495 6.2038 4.9614 6.8139 4.0598 5.6933 4.0380 6.3282 12.0
3897 5.29 0.13 -0.910 7.9832 7.8553 6.3755 6.0008 6.8799 3.7630 5.1989 4.4908 6.5901 12.0
3853 5.40 1.45 -0.965 8.0659 7.7688 6.8788 5.8924 6.7843 4.0187 5.9025 4.4067 6.5349 12.0
3855 5.14 0.25 0.157 8.2296 9.4106 8.1011 6.2572 7.9415 4.8507 6.5790 5.1322 7.6568 12.0
3828 5.49 1.96 -0.253 7.8804 8.7131 7.2900 6.5540 7.4202 4.5026 5.9782 4.9388 7.2467 12.0
3900 5.21 1.58 -1.251 7.6534 7.1419 6.2279 4.9910 6.7807 3.4770 5.3670 3.2228 6.2486 12.0
3883 5.17 1.14 0.278 9.3141 8.9798 7.5793 6.9421 8.3221 5.0328 7.0756 5.5626 7.7778 12.0
3841 5.47 1.41 -0.597 8.1739 8.3321 6.5774 5.9022 6.9563 4.1406 6.2394 4.5658 6.9030 12.0
3817 5.46 1.40 -0.428 8.5724 8.5924 7.1563 6.1185 7.1806 4.8730 6.3034 4.5215 7.0725 12.0
3848 5.48 0.50 -0.260 8.1894 8.2553 7.0658 6.5138 6.8632 4.7302 6.0993 4.6022 7.2402 12.0
3839 5.02 1.62 0.567 8.6922 9.4645 8.0763 7.2153 8.3103 6.1446 6.8171 5.7426 8.0673 12.0
3890 5.35 1.68 -0.915 7.1899 8.1966 6.8216 5.9682 6.3846 3.8663 5.4128 4.4096 6.5851 12.0
3887 5.48 1.29 0.076 8.8268 8.4812 7.4370 6.2840 7.2929 5.3478 6.4870 4.5924 7.5764 12.0
3827 5.46 0.49 0.247 8.9983 8.6046 8.2338 6.5678 8.2997 5.5793 6.3148 5.5235 7.7467 12.0
3818 5.45 1.63 -1.046 7.9312 7.8457 6.9377 5.7749 6.7756 3.6617 5.0357 4.3723 6.4541 12.0
3808 5.19 1.47 -1.390 7.3002 7.8581 6.5204 5.3191 6.1891 3.4012 4.4928 3.3683 6.1105 12.0
3869 5.28 1.08 -0.256 8.0853 8.2605 6.7993 6.1012 7.2269 4.7258 6.1188 5.0856 7.2437 12.0
3834 5.19 0.22 -1.174 7.7154 7.8554 6.8400 4.7955 6.5809 4.4553 5.5008 3.3207 6.3257 12.0
3816 5.38 1.14 -1.208 7.5777 7.1640 6.3147 5.5102 6.0155 4.1641 5.5557 3.5997 6.2919 12.0
3835 5.22 1.17 -0.535 8.1823 8.5200 6.8702 6.2728 7.2050 4.5758 5.6420 3.9286 6.9647 12.0
3844 5.40 1.79 -0.324 7.9656 8.0095 7.1345 5.8821 7.6401 4.3702 6.1153 4.4712 7.1764 12.0
3868 5.13 0.82 -0.071 8.3515 9.1600 7.4705 6.5961 7.0868 5.0255 6.0364 4.7893 7.4286 12.0
3821 5.33 0.02 0.321 8.4389 9.4493 7.7162 6.6574 7.6647 5.1182 6.3623 5.3517 7.8214 12.0
3835 5.24 1.55 -0.060 8.7100 8.5266 7.7150 6.8622 7.6870 4.6951 6.6035 4.7118 7.4395 12.0
3874 5.43 1.10 -0.173 8.6517 8.7675 7.2774 5.8498 7.3655 5.2286 6.5249 4.5093 7.3266 12.0
3873 5.25 1.56 -1.517 7.0593 7.4663 6.3393 5.1828 6.4547 3.4675 5.1718 2.9486 5.9832 12.0
3863 5.20 0.65 -1.482 7.0455 7.6047 6.2373 4.9387 6.2845 3.6314 4.3952 3.8186 6.0178 12.0
3868 5.30 0.50 -1.039 7.6661 7.9954 6.5982 5.8581 6.5566 3.8547 5.0781 3.7277 6.4607 12.0
3873 5.13 1.83 -1.378 7.5405 7.4744 6.4728 5.0035 6.1712 3.9026 5.4676 3.8659 6.1217 12.0
3840 5.06 1.08 -0.319 8.5758 8.5207 6.9901 6.0662 7.7706 4.3873 6.1267 4.4839 7.1814 12.0
3814 5.00 1.59 0.160 8.7780 8.8733 7.6611 6.9471 7.3733 5.1053 6.7387 4.8924 7.6604 12.0
3847 5.16 1.72 -0.944 7.7430 7.5293 6.2247 5.8956 6.8667 4.2051 5.6142 4.4500 6.5558 12.0
3852 5.33 1.06 -0.871 7.9136 7.9127 6.3325 5.6499 6.9607 4.2692 5.2469 4.0236 6.6286 12.0
3829 5.05 1.91 0.263 9.3192 8.7525 8.2372 6.8014 7.7863 5.3189 6.3427 4.8929 7.7629 12.0
3845 5.11 1.25 -0.598 8.0167 8.0334 7.3481 5.5310 6.9410 4.7912 6.2591 4.3646 6.9023 12.0
3808 5.42 0.69 0.336 8.5408 8.6294 8.2684 7.1438 7.8296 5.5499 6.6935 5.1427 7.8364 12.0
3891 5.35 1.55 0.044 8.3209 8.8683 7.9819 6.9010 7.5271 5.3192 6.4287 4.6555 7.5443 12.0
3847 5.20 1.08 -0.146 8.2437 9.1198 7.1515 5.9160 7.5696 5.1433 6.1957 4.6964 7.3540 12.0
3867 5.17 0.10 0.528 8.6366 9.0884 8.2027 6.5831 7.9526 5.6040 6.4533 5.7025 8.0283 12.0
3861 5.04 1.68 -1.571 6.8796 7.1940 5.5321 5.2324 6.4240 3.3056 4.9756 3.4367 5.9286 12.0
3864 5.03 0.95 -1.122 6.9554 8.0641 6.8157 5.1424 6.6957 4.2390 5.1196 4.2544 6.3781 12.0
3872 5.37 0.15 -0.206 8.4501 8.7515 7.3431 6.2022 7.2342 5.2793 5.9304 4.8827 7.2938 12.0
3895 5.46 0.64 -0.294 8.2082 8.5643 7.3443 6.3751 7.2465 5.1509 6.2046 4.1982 7.2055 12.0
3800 5.36 0.09 0.160 8.3973 8.5778 8.1557 6.5139 7.8879 5.1019 6.3624 5.3932 7.6599 12.0
3814 5.37 1.64 0.489 9.5072 9.7143 7.8685 7.4069 8.2206 5.7836 6.4985 5.4583 7.9891 12.0
3807 5.16 1.04 0.237 8.7507 9.3594 7.8821 6.8779 7.3472 5.5989 6.4960 5.3505 7.7370 12.0
3805 5.23 1.71 -0.377 7.9502 8.5967 7.6263 5.5941 6.8339 5.0350 5.6899 4.8377 7.1228 12.0
3800 5.44 0.93 -0.552 8.1446 8.1361 6.9568 5.4815 6.6973 4.8251 5.9738 4.4970 6.9485 12.0
3802 5.49 1.68 -0.470 7.9036 8.2138 7.3719 6.3982 7.2734 4.8678 6.2621 4.6424 7.0301 12.0
3896 5.18 0.69 -0.250 8.0353 8.1637 6.9254 6.4550 6.9400 4.5183 5.6380 4.4148 7.2496 12.0
3802 5.41 1.89 0.313 9.0538 9.0632 7.6784 7.1807 7.5604 5.6709 6.2483 5.7290 7.8133 12.0
3804 5.05 1.16 -0.215 8.4490 8.3695 7.2250 5.8126 7.2284 4.8650 6.3957 4.4517 7.2855 12.0
3828 5.30 1.90 0.460 9.3904 9.6921 8.2666 6.8148 8.0583 5.3111 6.6904 5.6277 7.9599 12.0
3879 5.35 1.88 0.352 9.0904 8.7279 7.7136 7.1232 7.8287 5.2908 6.3011 5.0821 7.8520 12.0
3825 5.40 0.87 -1.365 6.7384 6.9177 6.3259 4.6241 6.3187 4.0757 4.6958 3.1008 6.1353 12.0
3890 5.36 1.33 -1.215 6.9167 7.1548 6.2972 5.3034 6.1449 3.7811 5.0335 3.2675 6.2852 12.0
3831 5.20 0.59 -0.150 8.5976 8.2907 7.6386 6.5046 7.2992 5.2464 6.3240 4.6568 7.3498 12.0
3853 5.48 1.74 0.285 8.5491 9.3362 8.0545 6.9593 8.1137 5.5640 6.9568 5.5257 7.7848 12.0
3879 5.17 0.32 -0.342 8.3040 8.2143 7.6609 6.3199 7.5095 4.7329 6.1641 4.6835 7.1582 12.0
3857 5.24 1.79 -1.439 7.5054 6.9287 5.8893 5.0155 6.4124 3.2985 5.1316 3.1521 6.0613 12.0
3854 5.01 1.12 -1.343 6.7865 7.3267 6.5849 5.4439 6.0994 3.6664 5.3276 3.2007 6.1567 12.0
3843 5.24 0.22 -0.640 7.9948 8.5087 6.7450 5.3239 6.9837 4.1439 5.7805 4.0027 6.8605 12.0
3823 5.09 1.28 0.008 8.2028 8.7944 7.3372 6.2341 7.8155 5.4411 6.1638 5.2840 7.5082 12.0
3892 5.17 0.94 -0.179 8.1107 8.3017 6.8952 5.9309 7.5235 4.4631 6.4815 4.7322 7.3212 12.0
3880 5.25 1.08 -1.644 6.7287 7.0242 6.1066 5.2608 6.4379 3.1834 5.1315 3.0414 5.8561 12.0
3829 5.42 1.23 -0.948 7.3486 7.6047 6.1976 5.8744 6.6833 4.2684 5.8823 4.0156 6.5525 12.0
3856 5.29 0.11 -0.195 8.5617 9.0190 7.7206 6.6323 7.0124 4.6317 6.5207 5.2091 7.3053 12.0
3870 5.20 0.05 0.472 9.1721 9.2807 8.1598 7.0843 8.4251 5.3250 7.1271 5.4417 7.9722 12.0
3873 5.20 1.43 -0.346 8.4211 8.1120 7.2305 6.2239 7.1737 4.9682 6.4890 4.2403 7.1542 12.0
3880 5.22 1.08 -0.794 7.5422 7.7833 7.2010 5.5730 6.4888 3.8776 5.3102 4.4734 6.7057 12.0
3809 5.15 1.59 -1.664 6.4025 6.8329 6.3263 5.1901 5.4755 3.5314 4.5399 3.6410 5.8356 12.0
3858 5.44 0.26 -1.145 7.2262 7.7932 6.3073 5.6328 6.9361 4.3875 5.1843 3.3801 6.3555 12.0
3835 5.10 0.93 -0.397 8.0827 8.2110 6.6792 6.0670 7.5080 4.6304 5.9950 4.7004 7.1030 12.0
3847 5.36 1.10 -1.602 6.4851 7.0334 5.9413 4.9447 6.1763 3.7047 4.2898 3.3937 5.8980 12.0
3871 5.36 1.37 -0.539 7.7173 8.3908 7.2520 5.7839 6.9946 4.4569 6.0592 4.8714 6.9613 12.0
3824 5.27 0.02 0.459 8.7301 8.7745 8.4184 6.4358 8.0954 5.2511 6.4083 4.9011 7.9588 12.0
3846 5.11 1.67 0.087 8.6122 9.3103 7.1443 6.1840 7.9359 5.0146 6.7110 5.2759 7.5868 12.0
3811 5.46 0.85 0.539 9.2305 8.9930 8.2743 6.8252 7.9408 5.6395 6.5865 5.7258 8.0392 12.0
3897 5.42 0.75 -1.692 6.7861 7.5301 6.0994 4.8862 5.8372 3.1100 4.3083 2.8452 5.8077 12.0
3878 5.02 0.45 -1.598 7.0883 7.0685 5.8051 4.4166 5.5686 3.8781 4.6027 3.4303 5.9024 12.0
3881 5.18 0.23 0.197 9.2512 8.8540 7.4343 6.5546 8.2383 4.8519 6.5313 5.1312 7.6969 12.0
3891 5.38 1.85 -0.657 8.2046 7.8236 7.2976 5.2911 6.5298 4.2592 5.8247 4.0754 6.8428 12.0
3863 5.04 0.75 -0.154 8.5305 9.0290 7.4138 6.3120 7.3636 5.4660 6.0443 4.9960 7.3459 12.0
3830 5.32 1.38 -0.056 8.4384 8.4396 7.6683 6.2586 7.7373 5.1320 5.8356 4.6599 7.4445 12.0
3825 5.28 1.91 -0.290 8.2766 8.1861 7.2852 5.9745 6.8664 5.3480 5.9228 4.6793 7.2104 12.0
3822 5.49 0.65 -1.553 7.0317 7.0572 5.8475 4.9334 6.3587 3.1942 4.3394 3.3996 5.9473 12.0
3851 5.38 0.16 0.097 8.6317 8.9989 7.2293 6.7020 8.0459 5.2003 6.3764 5.0383 7.5966 12.0
3892 5.41 1.79 -0.617 8.0227 8.4350 7.3378 6.1880 6.7468 4.3792 5.3800 4.0378 6.8833 12.0
3856 5.29 1.64 -0.432 8.6035 8.1289 6.9050 6.4560 7.5820 4.4534 6.3633 4.9672 7.0680 12.0
3862 5.48 0.82 -0.218 8.2219 8.8446 7.1054 6.6714 7.0155 4.9065 6.5170 4.5300 7.2822 12.0
3886 5.41 1.47 -1.403 6.9317 7.6751 5.9972 5.3272 6.1594 3.5210 5.1713 3.2185 6.0969 12.0
3833 5.17 0.16 -0.088 8.9235 8.2687 7.0764 6.5777 7.8922 5.4889 6.3036 4.9862 7.4120 12.0
3811 5.06 1.54 -1.150 7.1669 7.2952 6.4482 5.1210 6.1895 3.9376 5.5677 3.8556 6.3503 12.0
3853 5.11 1.06 0.143 8.6540 9.2907 7.8052 6.9625 7.7637 5.7390 6.6680 4.7940 7.6425 12.0
3863 5.15 0.20 0.427 9.3297 9.5664 7.6073 6.8941 7.7302 5.2364 6.5654 5.1818 7.9273 12.0
3882 5.33 1.89 -1.094 7.0007 7.2658 6.6860 5.3989 6.2063 3.5995 5.7468 3.7161 6.4058 12.0
3818 5.40 1.47 -0.402 8.0613 8.1675 7.2739 6.3383 7.5275 4.5282 5.9458 4.5264 7.0975 12.0
3861 5.24 1.24 -0.134 8.4346 8.8427 7.0981 6.2248 7.9219 5.2129 5.7712 4.5321 7.3658 12.0
3804 5.26 1.08 -0.416 8.1123 8.4181 6.8818 6.0296 7.1418 4.9525 6.1922 4.8831 7.0845 12.0
3823 5.33 1.66 -1.241 6.8501 7.8512 6.5428 4.9120 6.6118 3.7580 4.6500 3.8841 6.2590 12.0
3889 5.31 1.64 -1.238 6.8918 7.6427 6.2913 5.1205 5.9117 3.7292 5.2135 3.8859 6.2615 12.0
3893 5.19 0.86 -0.978 7.6495 7.9309 6.4118 5.5144 6.6122 4.3251 5.6740 3.9307 6.5216 12.0
3839 5.12 1.03 -0.832 7.8823 7.9471 6.6512 5.2845 6.7049 4.1802 5.8801 4.1323 6.6684 12.0
3830 5.18 0.60 -0.731 7.8522 7.6675 7.1282 5.8016 6.8222 4.6135 5.7174 4.2850 6.7687 12.0
3897 5.23 0.02 -1.634 6.9983 7.4207 6.1001 4.7040 5.4917 3.5310 4.7024 3.1470 5.8663 12.0
3886 5.06 1.53 -1.335 6.8925 7.6504 6.2830 4.6242 5.9815 4.2614 5.3854 3.1570 6.1651 12.0
3863 5.28 1.31 0.374 8.8771 8.7182 7.6277 7.0856 7.6965 5.7764 6.8982 4.9973 7.8736 12.0
3821 5.22 0.81 0.453 8.9229 9.3600 7.9472 6.9618 8.1800 5.2396 6.8152 5.7023 7.9531 12.0
3843 5.32 1.85 -0.768 7.4698 8.1927 7.2375 5.2820 7.2161 4.0081 5.6590 3.9960 6.7317 12.0
3801 5.10 1.53 -0.100 8.5922 8.3044 7.7539 6.8174 7.2374 4.9413 6.6196 4.6896 7.3996 12.0
3897 5.40 1.73 0.305 8.3654 8.8621 7.5601 6.8028 8.1804 5.4195 7.1561 5.7350 7.8045 12.0
3856 5.35 0.07 -1.619 7.3931 7.0229 6.0463 5.2945 5.8088 3.7972 4.7085 3.6549 5.8810 12.0
3824 5.45 0.30 -0.844 8.1563 8.4089 6.3587 5.5530 7.1771 4.1632 5.0938 3.6944 6.6563 12.0
3888 5.41 1.02 0.328 8.7689 9.4749 7.6129 6.2752 8.1601 5.0886 6.5509 5.5842 7.8277 12.0
3874 5.35 0.57 0.100 8.4401 8.6939 7.2068 6.4294 7.3716 5.3817 6.9659 5.4396 7.5997 12.0
3846 5.33 1.63 0.155 8.7190 9.0530 8.0529 6.7750 7.8359 5.6428 6.3554 4.9095 7.6547 12.0
3816 5.19 1.19 -0.289 8.7447 8.3051 6.8253 6.1109 7.3662 5.0322 6.5043 4.6979 7.2106 12.0
3808 5.19 0.80 0.327 8.9460 9.0329 8.2653 6.9528 8.3027 5.1824 6.2149 4.7963 7.8273 12.0
3883 5.02 0.75 0.239 8.5266 8.7013 8.0716 7.0248 8.0698 5.0405 6.7785 5.0138 7.7392 12.0
3834 5.03 0.38 0.327 8.9338 8.9883 7.7298 6.2988 8.0677 5.6993 6.9867 4.8205 7.8268 12.0
3868 5.46 1.53 0.201 9.1935 9.2988 8.2355 6.6310 7.9584 5.4499 6.9713 5.1750 7.7006 12.0
3875 5.05 1.54 -1.081 7.2147 7.6777 6.1480 4.9017 6.2561 4.0223 5.4097 3.7488 6.4189 12.0
3866 5.16 1.61 -0.370 8.6875 8.4724 7.2431 6.5099 7.5973 4.5339 6.1220 4.2926 7.1297 12.0
3806 5.04 1.80 0.432 8.6123 9.3204 8.3765 6.5353 8.4393 5.5318 6.7175 5.2327 7.9317 12.0
3858 5.24 1.70 -0.771 7.8288 8.0180 6.8044 6.0020 7.2964 4.7969 5.1049 4.3123 6.7290 12.0
3896 5.22 1.24 -0.775 7.9496 8.2316 6.9019 5.4214 7.2658 4.1076 5.7321 4.4281 6.7251 12.0
3895 5.19 1.28 -0.420 8.1188 8.2408 6.7931 5.7109 6.7082 5.0929 6.2751 4.5983 7.0802 12.0
3882 5.01 0.53 -1.342 7.6325 7.1913 5.9329 5.4025 5.8038 4.2924 4.7932 3.9780 6.1579 12.0
3831 5.47 1.32 0.385 8.9666 8.9019 7.7921 6.3488 7.7264 5.5940 6.5560 5.0288 7.8854 12.0
3803 5.41 1.55 0.188 9.1515 8.8418 7.4848 6.5823 8.0319 5.0192 6.2943 5.4515 7.6875 12.0
3860 5.49 0.86 -1.319 7.6150 7.0449 6.3120 5.2651 6.6337 3.6867 4.9824 3.7312 6.1813 12.0
3830 5.08 0.64 -1.454 7.2656 7.0742 5.9104 5.0192 6.6308 3.6421 5.2695 3.0099 6.0457 12.0
3800 5.45 1.91 -1.643 6.5047 6.9698 6.0788 5.0427 5.9966 3.8574 4.6988 2.8438 5.8569 12.0
3877 5.26 1.31 -1.548 6.5969 7.6405 6.4164 5.0593 5.8789 3.1284 4.5921 3.0649 5.9520 12.0
3871 5.09 0.21 -1.440 7.1895 6.8530 6.5379 4.5952 6.1846 3.8215 5.1063 3.6645 6.0599 12.0
3849 5.42 1.02 0.137 8.3377 8.8384 7.2091 6.2221 7.8329 5.2395 6.9106 4.6674 7.6365 12.0
3860 5.38 0.60 -1.406 6.7874 7.1063 5.8388 5.5029 6.3554 3.8152 5.0511 3.6617 6.0941 12.0
3858 5.32 1.51 -0.544 8.4982 7.7745 6.5554 6.0574 6.7080 4.4194 5.8771 4.5218 6.9556 12.0
3842 5.18 0.36 -0.610 7.4628 8.6318 6.5238 5.7865 6.5257 5.0247 6.2555 4.6585 6.8899 12.0
3900 5.13 1.97 0.282 8.9113 8.9786 8.1637 6.7949 7.4350 5.5849 6.6173 5.0108 7.7816 12.0
3847 5.29 1.48 -0.816 7.9966 8.4254 6.4710 6.0086 7.0367 4.0841 5.8278 4.6081 6.6836 12.0
3843 5.19 1.70 -1.186 6.9282 7.9496 5.9526 5.1571 6.0702 3.8920 5.4548 3.6441 6.3135 12.0
3873 5.02 0.13 0.270 9.0438 8.6094 7.3326 6.9632 8.3289 5.5984 6.4686 4.7766 7.7695 12.0
3872 5.48 0.19 0.397 8.5218 9.0549 8.0289 6.5928 7.9510 5.5157 7.0034 5.0862 7.8970 12.0
3839 5.43 1.54 -0.547 7.8602 8.0277 6.9449 6.0533 7.4767 4.2742 5.3398 4.4807 6.9531 12.0
3830 5.03 0.12 0.585 8.6926 9.1034 8.2956 6.5505 7.6763 6.0955 6.7594 5.3803 8.0855 12.0
3830 5.09 0.60 0.060 8.7342 9.0353 7.7096 6.2106 7.4847 5.5287 6.7469 4.7427 7.5604 12.0
3880 5.05 1.49 -1.339 7.6894 7.2227 5.8167 4.7735 6.2812 3.3708 5.2758 4.0530 6.1613 12.0
3824 5.23 0.62 -0.611 7.5542 8.3633 6.9083 5.4440 7.3638 4.8503 5.4758 4.0155 6.8889 12.0
3894 5.09 1.57 -1.661 7.0488 6.6919 5.8742 4.5319 5.8043 3.4269 4.9169 3.4641 5.8387 12.0
3870 5.40 1.23 0.176 9.0305 9.3968 7.6704 6.9453 7.9385 5.5014 6.6156 4.7907 7.6758 12.0
3859 5.34 1.32 0.503 9.5036 9.2930 8.0893 6.6110 8.2503 5.9533 7.1927 5.4707 8.0026 12.0
3838 5.06 0.78 -1.180 7.1425 7.1852 5.8921 5.3274 6.7300 4.1569 4.7067 3.9614 6.3204 12.0
3892 5.11 0.06 0.141 8.7651 8.4724 7.6833 6.0896 8.0982 5.6624 6.8103 4.6517 7.6407 12.0
3809 5.48 1.28 -0.533 7.7801 7.8179 6.5248 6.3392 6.5763 4.3119 5.5240 4.4511 6.9666 12.0
3822 5.49 0.26 -0.114 8.6976 8.4731 7.6083 6.5960 7.1110 5.2387 6.0136 4.6715 7.3857 12.0
3869 5.45 1.99 -1.678 6.7140 7.0125 5.5033 4.2520 6.2315 3.9203 5.1764 3.2439 5.8215 12.0
3898 5.04 1.92 -1.456 7.5436 7.1958 6.3289 5.4068 6.5597 4.0224 5.3014 3.3487 6.0436 12.0
3874 5.24 1.46 -1.011 7.1109 7.4309 6.9785 5.0504 7.0158 4.6238 5.4805 3.4868 6.4887 12.0
3834 5.08 0.80 -1.678 7.3636 7.5577 5.7598 4.9775 6.3202 3.1777 4.4720 3.6106 5.8225 12.0
3873 5.28 1.91 -0.422 8.4841 8.5734 7.5272 6.3181 7.3574 4.3302 5.6270 4.9654 7.0783 12.0
3890 5.25 1.82 -1.649 7.0394 7.1971 5.9300 5.0329 5.6847 3.4291 4.8443 2.8577 5.8508 12.0
3893 5.37 1.15 0.480 8.6467 9.2407 7.7170 6.5541 7.6715 5.7656 7.2138 5.3428 7.9801 12.0
3838 5.30 0.26 -1.212 6.9726 7.8490 5.9492 4.7211 6.2048 3.6891 5.4996 4.0104 6.2885 12.0
3805 5.47 1.49 -1.510 6.6812 7.4787 5.7652 4.8808 6.4898 3.5638 5.1555 3.6284 5.9895 12.0
3818 5.17 1.80 0.192 9.1715 9.2025 8.0716 6.3310 7.9302 5.3491 6.7550 4.8767 7.6924 12.0
3820 5.32 1.73 -0.823 7.6141 7.6453 6.5097 5.7403 6.5379 4.6226 5.2654 4.5509 6.6769 12.0
3874 5.30 0.96 -1.460 6.9276 7.2293 6.1038 4.8984 5.8296 3.3305 4.6041 3.8776 6.0400 12.0
3801 5.22 0.23 -0.933 7.5085 7.8552 6.7771 5.9511 6.7030 4.3167 5.7748 4.3425 6.5673 12.0
3840 5.19 1.10 0.285 8.4718 8.7057 7.4523 6.6480 8.0921 5.6859 6.7068 4.9165 7.7851 12.0
3876 5.02 1.96 0.252 9.0021 9.2588 7.9122 6.8362 7.8798 5.4891 6.8297 5.5793 7.7522 12.0
3812 5.07 1.36 -1.615 6.9785 7.2925 6.2719 4.4671 5.6813 3.5985 4.6704 3.1609 5.8851 12.0
3856 5.00 0.19 0.325 8.6926 9.1568 7.7088 6.7894 7.9820 5.0581 6.6579 5.2840 7.8249 12.0
3839 5.16 1.37 -0.167 7.9789 9.0766 7.8027 6.5863 7.4602 5.4390 6.3282 4.8395 7.3333 12.0
3855 5.04 1.84 0.550 9.0855 9.6493 7.6853 7.2551 8.0222 5.8011 6.4835 5.2635 8.0504 12.0
3898 5.31 1.71 0.106 8.5784 8.4736 7.4839 6.9195 7.8129 5.5592 6.1496 4.9288 7.6059 12.0
3881 5.37 1.89 0.305 8.9860 8.8248 7.4669 6.9991 8.3432 5.8829 7.0318 5.5277 7.8046 12.0
3803 5.39 0.02 -1.421 6.8339 7.5728 6.4389 5.2025 5.8279 3.9359 5.0748 3.0344 6.0794 12.0
3868 5.37 1.35 -0.133 8.4412 8.9276 7.8058 6.3871 7.5423 5.1186 5.8653 5.1102 7.3667 12.0
3820 5.25 1.27 -0.127 8.2349 8.7337 7.3728 6.0335 7.0350 4.9773 6.7323 5.1443 7.3728 12.0
3817 5.39 1.83 -1.468 7.1875 6.8540 5.6511 5.3066 5.7257 3.8855 4.6510 3.6788 6.0323 12.0
3862 5.36 0.75 -1.050 7.7593 7.2639 6.3260 5.7380 6.0645 4.5772 5.1166 3.3980 6.4504 12.0
3880 5.24 0.40 0.285 8.8194 9.3170 7.4892 7.0394 7.8185 5.0086 6.9958 4.9412 7.7848 12.0
3895 5.26 1.33 -1.218 7.1524 7.3833 6.6528 5.1392 6.4244 4.0304 5.5719 4.1664 6.2815 12.0
3889 5.33 1.27 0.493 9.0265 9.4363 8.3830 6.6094 7.9931 5.2596 6.9836 5.2780 7.9931 12.0
3817 5.08 0.28 -0.726 8.1705 7.5621 6.5769 6.1063 6.5895 4.8032 5.8656 4.2268 6.7745 12.0
3839 5.20 0.78 0.130 8.2358 9.3910 8.0293 6.2287 7.9913 5.2768 6.9457 4.6151 7.6302 12.0
3859 5.02 1.23 0.144 8.6444 8.9051 7.9130 6.2059 7.2389 5.5173 6.8304 4.8396 7.6436 12.0
3881 5.30 0.61 0.177 8.4115 9.4147 7.4689 6.2514 8.1693 5.2434 6.7438 4.7963 7.6769 12.0
3825 5.32 1.64 0.185 8.4922 9.3184 7.2600 6.1279 7.8880 5.6813 6.6770 5.2061 7.6850 12.0
3830 5.03 1.13 -0.789 7.6849 7.9243 7.2528 5.4040 6.5932 4.4019 5.9711 3.7578 6.7114 12.0
3843 5.36 1.94 -1.192 6.8852 7.6699 6.8424 5.2655 6.2985 3.8301 5.6110 3.4042 6.3084 12.0
3824 5.17 0.01 -0.905 7.2588 8.0754 6.3737 5.9597 6.1907 3.7984 5.5407 4.1357 6.5950 12.0
3872 5.06 1.59 -0.679 7.7046 7.9250 6.9333 5.7036 7.0574 4.1977 6.0669 4.6818 6.8209 12.0
3803 5.49 1.72 -1.147 6.9398 7.4111 6.7012 4.9342 6.4464 4.4692 5.6358 3.9469 6.3532 12.0
3895 5.47 0.38 -0.239 8.1691 8.4467 7.4147 6.5503 7.0629 4.5579 6.3404 4.4794 7.2613 12.0
3892 5.22 1.46 -1.643 7.3578 6.9766 5.5128 5.2266 5.7839 3.9892 4.4145 3.1587 5.8565 12.0
3833 5.15 1.11 -0.327 7.7616 8.5717 6.7799 6.4209 6.9049 5.1227 5.6293 4.6449 7.1734 12.0
3870 5.26 1.00 -1.503 7.0233 6.8493 5.6724 5.2891 6.2391 4.1180 4.5172 3.4360 5.9975 12.0
3828 5.05 0.93 -1.347 7.5000 7.8215 5.8153 4.9314 6.6829 3.8686 5.1573 3.5242 6.1535 12.0
3862 5.40 0.07 -0.102 8.8136 8.4033 7.0905 6.1432 7.2701 5.1154 6.3493 4.3461 7.3983 12.0
3841 5.41 1.33 -0.745 7.9011 8.1492 6.9968 5.8454 6.5612 4.1129 5.3096 4.3518 6.7554 12.0
3815 5.06 1.42 -0.890 7.6069 7.4925 6.9956 5.6626 7.1940 4.0172 5.2964 4.5182 6.6103 12.0
3845 5.49 0.71 -1.039 7.9566 7.7553 6.1642 5.2047 6.4716 4.2719 5.6324 4.0406 6.4611 12.0
3897 5.36 1.40 0.093 8.2748 8.4860 7.2295 6.6954 7.5580 5.1762 6.6734 5.4517 7.5929 12.0
3839 5.27 1.00 0.126 8.8879 8.7815 8.1518 6.2452 7.9815 5.5925 6.0899 4.7476 7.6259 12.0
3864 5.27 1.11 -0.491 8.4379 8.6085 7.4966 5.7497 7.1434 4.9748 5.6972 4.2040 7.0086 12.0
3859 5.06 1.11 0.304 9.0740 8.8665 7.8068 6.5328 8.1406 5.1193 6.5603 5.2146 7.8038 12.0
3819 5.45 1.86 -1.073 7.8250 8.0565 5.9835 5.6307 6.5403 3.6611 5.7375 4.2891 6.4267 12.0
3879 5.41 1.54 -0.221 8.4539 8.4521 7.7855 6.3765 7.6039 4.5258 6.5766 4.4068 7.2786 12.0
3825 5.09 0.39 -0.340 8.4833 8.6334 7.3052 6.2647 7.4168 4.4666 5.6186 5.0290 7.1601 12.0
3888 5.01 0.46 -1.437 7.4390 6.9983 6.1088 5.0069 5.8860 3.8382 5.0369 3.3589 6.0632 12.0
3807 5.37 0.97 -1.547 6.9316 6.9064 6.1713 5.2914 5.9950 3.7999 4.4737 3.7573 5.9527 12.0
3824 5.04 0.38 0.435 9.1776 9.6089 8.3592 6.4123 8.0461 5.4092 6.3604 5.6816 7.9354 12.0
3829 5.22 0.40 -0.820 8.1812 8.3342 6.6644 5.3293 6.7093 4.6125 5.4513 3.6406 6.6798 12.0
3886 5.38 0.69 -0.108 8.5622 8.3734 7.0959 5.8714 7.8889 5.2130 6.6084 4.8654 7.3920 12.0
3806 5.13 1.06 -1.152 7.0685 7.2947 6.2655 4.9304 6.3854 4.1592 5.2584 4.1194 6.3480 12.0
3818 5.48 0.42 -1.288 7.7478 7.0216 6.5905 5.4267 6.5707 3.6614 4.9410 3.3573 6.2124 12.0
3889 5.38 1.45 -0.437 7.7913 8.3268 7.3679 5.8582 7.0195 4.9781 5.7893 4.6631 7.0629 12.0
3870 5.11 1.92 -0.299 8.3205 8.6166 7.2008 5.7416 7.0301 4.9466 6.3522 5.1402 7.2009 12.0
3861 5.43 1.49 -0.269 7.9080 8.8809 7.3142 5.6870 7.6742 4.9181 6.4270 4.2884 7.2306 12.0
3808 5.18 0.68 0.584 8.9547 9.3323 8.2289 7.1495 8.0873 5.2259 6.7570 5.4039 8.0843 12.0
3812 5.08 0.34 -1.496 6.7267 7.5484 6.0645 4.9251 5.7568 3.1731 4.9316 3.4010 6.0043 12.0
3842 5.30 1.22 -1.004 7.9382 8.2096 6.5334 5.4332 6.6958 4.5940 5.6196 3.7689 6.4965 12.0
3825 5.08 0.17 -1.522 7.0344 7.0875 6.4918 5.2719 5.7768 3.4400 4.4372 3.7398 5.9784 12.0
3829 5.39 0.98 -0.493 7.7397 7.9381 6.6645 6.0305 6.9116 4.6085 5.6711 3.9578 7.0071 12.0
3880 5.49 1.40 -0.460 8.4780 7.9854 7.0894 6.1982 7.2536 4.2365 5.4855 4.7343 7.0400 12.0
3875 5.10 0.57 0.594 9.6221 9.7723 8.1041 7.0067 7.9713 5.8028 7.2143 5.9262 8.0942 12.0
3802 5.24 1.06 0.340 8.6441 8.7568 7.7879 6.5028 7.7982 5.0317 6.6859 5.5064 7.8399 12.0
3855 5.07 0.53 -0.993 7.2677 7.7365 6.9589 5.2112 7.0767 4.3657 5.1768 3.6918 6.5072 12.0
3805 5.39 1.66 0.153 9.0192 9.2473 7.7767 6.9404 7.9463 5.4123 6.2490 5.2399 7.6531 12.0
3838 5.45 1.15 -0.141 8.6933 9.0694 7.0577 6.1504 7.0177 4.9428 6.5700 4.9351 7.3586 12.0
3853 5.13 0.85 -1.030 7.4174 7.6281 6.5695 5.7031 6.8727 4.2034 4.8534 4.0957 6.4696 12.0
3895 5.43 0.69 0.173 8.8341 8.6139 7.6582 6.4628 7.5763 5.6687 6.2411 5.3251 7.6727 12.0
3893 5.21 1.69 -1.347 7.1864 7.6645 6.3184 4.8568 5.8302 3.3609 4.7322 3.4089 6.1530 12.0
3805 5.48 1.15 -0.520 8.0337 7.9561 6.6806 5.7748 6.8329 4.2318 5.9647 4.0481 6.9796 12.0
3851 5.01 1.07 -1.268 7.1340 7.4932 6.6616 4.8258 6.6453 3.9261 4.8752 3.8795 6.2320 12.0
3863 5.24 0.41 0.237 9.2696 8.7692 7.9005 6.2210 7.3758 4.9666 6.6001 4.7984 7.7366 12.0
3836 5.21 1.28 0.184 9.2229 8.7413 7.6320 7.0845 7.3500 5.4633 6.3418 5.1556 7.6845 12.0
3843 5.17 1.37 -1.050 7.5096 8.1230 6.5820 5.4091 6.4071 4.5547 5.4710 4.0123 6.4502 12.0
3833 5.40 1.86 -0.977 7.4123 8.0411 7.0525 5.6820 6.5283 4.0557 5.5586 4.1749 6.5228 12.0
3841 5.09 1.48 0.506 9.0749 9.5064 8.1139 6.9961 8.5707 5.4433 7.1871 5.4854 8.0061 12.0
3883 5.04 0.90 -1.368 7.4487 7.2803 5.9390 4.8023 5.7955 3.8969 5.3573 3.4999 6.1321 12.0
3807 5.12 0.97 -0.576 7.6053 8.1732 7.1572 5.7564 6.6603 4.8562 5.4194 4.8285 6.9244 12.0
3816 5.23 0.44 -1.261 7.0304 7.0872 6.0166 4.8220 6.1644 3.6977 5.3959 3.9347 6.2394 12.0
3864 5.19 0.25 -0.941 7.5160 7.8014 6.7642 5.6745 6.5502 4.4818 5.4502 3.5689 6.5592 12.0
3823 5.01 1.32 -1.452 6.9944 7.5865 6.2435 4.7187 6.5686 3.9848 4.6009 3.7066 6.0484 12.0
3854 5.38 1.82 0.273 9.1343 8.7369 8.0214 7.1113 8.1732 5.0607 6.4762 5.1269 7.7728 12.0
3813 5.46 0.94 0.584 8.9174 9.2131 8.3971 6.5768 8.4625 6.1044 6.4630 5.3045 8.0840 12.0
3834 5.43 0.51 -1.622 6.9745 7.2663 5.6273 4.7269 5.7478 3.2733 4.4479 2.9194 5.8782 12.0
3878 5.34 1.69 -0.494 8.2916 8.5458 7.1090 6.2702 7.1281 5.0766 6.1860 4.2862 7.0059 12.0
3839 5.04 0.18 -1.073 7.4086 7.9618 6.7589 5.8338 6.8785 4.0485 5.5653 3.9257 6.4273 12.0
3858 5.22 1.68 -0.983 7.3410 8.2351 6.2012 5.8861 6.4386 3.8042 5.3980 3.5769 6.5173 12.0
3842 5.48 0.90 0.351 8.5249 8.6427 7.6178 6.8655 8.4205 5.8397 6.6183 5.4950 7.8514 12.0
3838 5.19 1.83 -1.433 6.6737 7.3108 6.3359 5.2247 6.6155 3.4913 4.8644 3.8985 6.0666 12.0
3819 5.36 0.67 0.506 9.4373 9.0367 8.1839 6.4665 7.6124 5.4994 7.2782 5.0647 8.0065 12.0
3884 5.01 1.25 -1.685 6.9202 7.0088 5.4208 4.6736 5.7593 3.4930 4.4203 2.9951 5.8148 12.0
3817 5.09 1.05 -0.114 8.3870 8.2589 7.1465 6.0420 7.7227 4.7006 6.4576 5.1248 7.3863 12.0
3869 5.39 0.18 -1.668 7.2895 6.6737 5.4861 5.1065 5.8797 3.0784 4.5387 3.2360 5.8322 12.0
3834 5.50 0.55 -0.621 7.4717 8.1503 6.7797 6.0563 7.2208 4.9961 5.3745 4.1883 6.8795 12.0
3840 5.49 1.12 0.099 9.1104 9.3610 7.3213 6.8239 7.4033 5.0993 6.3880 5.4593 7.5991 12.0
3800 5.37 0.52 -0.428 7.7099 8.0951 6.9039 6.4667 7.5037 4.2829 5.5224 4.3849 7.0718 12.0
3801 5.49 1.42 -0.704 8.1959 8.2046 7.1509 5.3564 7.1656 4.7741 5.2313 4.3820 6.7964 12.0
3898 5.46 0.87 -0.246 8.6328 8.6045 6.9539 5.8617 7.2780 4.4763 5.7984 4.2545 7.2538 12.0
3813 5.29 0.65 -1.121 7.5115 7.4670 6.3168 5.2704 6.8436 3.7336 5.4989 3.8590 6.3792 12.0
3884 5.40 1.78 -0.383 8.0700 8.5826 7.4628 5.8044 7.0018 5.0970 6.2632 4.2911 7.1175 12.0
3818 5.46 0.51 -0.951 7.8903 7.4105 7.0105 5.8641 7.0518 4.4163 5.6792 4.1401 6.5493 12.0
3885 5.03 0.56 -1.359 7.3678 7.2055 6.6162 4.8089 6.0686 3.9110 4.5631 3.4840 6.1414 12.0
3853 5.39 0.27 -1.486 6.8766 7.3924 5.8583 5.2663 6.4876 3.8288 5.2969 3.2725 6.0144 12.0
3874 5.25 1.92 -0.990 7.7918 7.9301 6.8332 5.3478 6.1273 4.6249 5.6336 3.8913 6.5099 12.0
3863 5.29 1.27 -0.427 8.2295 7.9477 7.1161 5.8366 7.3125 5.1231 5.7885 4.2768 7.0734 12.0
3822 5.04 0.66 0.299 8.7818 9.5466 8.1264 6.4477 7.7319 5.0894 6.4274 4.8382 7.7987 12.0
3891 5.14 1.63 -0.353 8.5397 8.2496 7.6129 5.8184 7.4462 4.6402 5.6108 4.2038 7.1465 12.0
3833 5.00 0.57 -0.841 8.0348 7.8586 7.0926 6.0342 6.4940 4.3101 5.0581 3.7204 6.6588 12.0
3857 5.19 1.21 -1.071 7.8337 7.7671 6.4495 5.0438 6.2368 4.0183 5.4157 3.7872 6.4292 12.0
3817 5.08 1.11 -1.317 6.7995 7.0791 6.7127 5.5231 6.7124 3.7461 4.8847 3.8627 6.1830 12.0
3851 5.21 0.44 -0.299 8.6846 8.8647 6.8932 6.0615 7.1782 5.1218 6.1362 4.2384 7.2009 12.0
3811 5.49 0.47 -0.380 7.8097 7.9973 7.3556 5.6345 7.1725 4.5954 5.5851 4.6758 7.1203 12.0
3817 5.16 1.04 -1.424 7.2294 7.5881 5.7559 5.2695 6.4296 3.8084 5.1676 3.7715 6.0760 12.0
3862 5.40 1.27 0.354 9.2458 9.1787 7.9260 6.7912 7.6993 5.8677 6.6588 4.9014 7.8541 12.0
3891 5.12 1.61 0.043 8.7933 8.3445 7.2340 6.0871 7.8557 5.5357 6.6775 5.1093 7.5429 12.0
3835 5.38 1.10 -1.161 7.1274 7.9559 6.1522 4.9227 6.6407 4.0466 4.9971 3.7247 6.3385 12.0
3827 5.46 0.97 -0.641 7.4844 8.4580 6.5634 5.9022 7.2827 4.9327 5.6964 3.9354 6.8593 12.0
3888 5.43 1.33 -0.164 8.0688 9.0790 7.5291 6.6740 7.2718 5.3886 6.5504 5.1148 7.3362 12.0
3886 5.35 1.30 -0.711 7.5742 8.1840 6.9969 5.9724 7.0274 4.3500 5.8716 4.3668 6.7894 12.0
3825 5.08 1.84 -0.313 8.0008 8.2395 7.6750 5.7484 6.8706 4.7562 6.3411 4.3042 7.1870 12.0
3859 5.20 0.35 -0.170 8.7332 8.6801 7.4619 6.0645 7.2550 5.2159 5.7825 4.9427 7.3300 12.0
3833 5.38 0.95 -0.900 7.9787 8.2995 6.9142 5.5224 6.2647 4.2892 5.5272 4.5179 6.6003 12.0
3841 5.37 0.71 -0.324 8.4571 8.7691 7.6084 6.1278 7.2228 5.1654 6.5051 4.7165 7.1757 12.0
3886 5.34 0.17 -1.309 6.7920 7.4959 5.7456 5.2665 6.4821 3.6858 4.9122 3.3722 6.1908 12.0
3863 5.40 1.20 0.589 9.0056 8.9585 7.6499 7.5016 7.7097 5.3268 7.3029 5.0640 8.0893 12.0
3817 5.24 1.69 -1.034 7.6380 7.3200 6.9711 4.9511 6.5440 4.3816 5.4490 3.9629 6.4662 12.0
3853 5.12 0.91 -0.755 8.0112 8.2578 7.2203 5.9812 7.2100 4.6488 5.5602 4.6183 6.7448 12.0
3861 5.36 1.72 -1.231 7.0343 7.3431 6.0528 4.9041 6.7310 3.6724 5.0882 3.4086 6.2694 12.0
3894 5.15 0.81 -1.323 7.4160 7.0354 6.7010 4.8726 6.3290 4.2644 4.8734 3.7502 6.1769 12.0
3898 5.10 1.15 -1.500 7.0133 7.2495 5.9931 5.4076 5.7416 3.3519 5.0226 3.8096 5.9998 12.0
3841 5.02 0.20 -0.507 7.8884 8.4247 7.2902 6.2502 7.3482 4.4134 5.6460 4.6397 6.9929 12.0
3884 5.35 0.58 -0.114 8.1072 8.5147 7.3951 6.7052 7.1478 5.0372 6.3136 4.3699 7.3863 12.0
3869 5.46 1.99 -0.100 8.3262 8.7012 7.7272 5.8943 7.3531 5.1561 6.4225 5.3356 7.4005 12.0
3835 5.47 0.25 0.258 9.0210 8.6425 7.6906 6.4745 7.3666 4.9610 7.1219 4.7876 7.7584 12.0
3826 5.09 0.72 -1.374 7.0578 7.6191 6.0457 5.3919 6.4115 3.9888 5.2065 3.6681 6.1263 12.0
3804 5.26 1.35 0.191 9.1436 8.9341 7.7697 6.3334 7.5665 5.0318 6.9212 5.5283 7.6907 12.0
3852 5.06 1.22 -0.356 8.4911 7.9769 7.4267 5.6485 6.9664 4.8107 6.4347 4.8601 7.1443 12.0
3881 5.32 0.17 -0.449 8.1231 8.7489 6.7951 6.1119 6.6608 5.0540 5.5862 4.3760 7.0510 12.0
3843 5.16 0.67 -0.220 8.5189 8.4241 6.8622 6.2644 7.2673 5.0134 5.8192 4.8471 7.2796 12.0
3878 5.01 0.42 -1.688 6.7761 7.5672 5.4035 5.0066 5.6792 3.0796 4.3150 2.9030 5.8119 12.0
3880 5.08 0.32 -0.989 7.8127 8.1646 6.8126 5.7580 6.3164 3.6527 5.8327 3.6175 6.5108 12.0
3866 5.08 1.52 -0.614 8.1631 8.4123 6.6914 5.7568 6.6769 4.6629 5.9566 4.6881 6.8859 12.0
3831 5.41 0.93 -0.090 8.7275 8.7359 7.3785 6.6229 7.0130 5.3405 5.9589 4.4178 7.4095 12.0
3876 5.15 0.54 -1.506 7.0769 7.6522 6.4819 4.5409 5.7024 4.0487 4.5935 3.8409 5.9939 12.0
3848 5.39 0.55 -0.326 8.4104 8.2689 6.8125 6.4659 7.0868 5.0054 6.4687 4.8014 7.1741 12.0
3876 5.46 1.40 0.067 8.6224 8.8027 7.4924 6.0792 8.0881 4.7875 6.6916 5.3658 7.5666 12.0
3872 5.05 0.03 -0.066 8.6480 8.5182 6.9874 6.2926 7.1078 4.8241 6.0666 5.0385 7.4340 12.0
3872 5.35 0.64 -1.499 7.2232 6.8146 5.5693 5.2904 5.7928 3.9551 4.4632 3.3134 6.0011 12.0
3852 5.09 0.29 -0.067 8.6538 8.6994 7.6297 6.7027 7.8429 4.7678 6.2032 5.3085 7.4330 12.0
3831 5.13 1.42 0.359 9.3183 8.6851 8.4025 6.8802 7.7956 5.3734 6.6277 5.5324 7.8591 12.0
3809 5.16 1.23 0.206 8.9349 9.3142 7.6941 7.1121 7.8457 5.3987 6.3874 5.0099 7.7063 12.0
3859 5.17 0.10 -0.344 7.7225 8.5862 7.2574 6.3943 6.9448 4.6022 6.1152 4.3052 7.1564 12.0
3830 5.13 0.32 0.466 8.8962 8.8529 8.3130 6.6586 8.0111 5.4434 7.0319 4.9457 7.9657 12.0
3833 5.23 0.33 0.447 8.9836 8.8244 7.9227 7.1788 7.6787 5.1791 7.2807 5.4540 7.9470 12.0
3876 5.44 0.77 0.366 9.1968 9.3807 8.0021 7.2911 7.6822 5.2624 6.6876 5.1613 7.8655 12.0
3847 5.14 1.30 -0.560 7.8527 8.3332 7.1829 5.6805 6.7125 4.2266 5.7084 4.4667 6.9402 12.0
3895 5.30 0.34 -1.694 6.9197 7.4039 5.8808 5.0414 5.5154 3.6340 4.6751 3.1763 5.8062 12.0
3868 5.32 1.86 0.344 8.9128 9.3595 8.3100 6.9874 8.3734 4.9981 6.3893 5.1579 7.8437 12.0
3856 5.36 1.22 -0.022 8.1395 8.2574 7.6629 6.2921 7.7520 5.6003 6.7938 4.7124 7.4781 12.0
3873 5.06 0.34 -0.462 8.5497 8.5970 7.0216 5.6389 7.1559 4.3360 5.6223 4.1114 7.0379 12.0
3845 5.21 0.96 0.571 8.9917 9.5485 8.3645 6.5325 8.6026 5.8531 6.6489 5.4580 8.0710 12.0
3894 5.37 0.81 0.301 8.9429 9.0791 7.5372 6.3544 7.6273 5.8615 7.1672 5.4524 7.8005 12.0
3875 5.23 0.28 -0.299 8.2156 8.7862 6.9297 6.4948 7.1905 4.8082 6.2334 4.9547 7.2008 12.0
3833 5.15 1.57 0.235 9.0895 9.0769 8.1011 6.2765 8.1565 5.8229 6.1344 5.0183 7.7347 12.0
3847 5.47 0.99 0.434 9.0474 9.1072 8.0781 6.5990 7.6140 5.9725 7.0296 5.3760 7.9343 12.0
3826 5.15 1.06 -1.216 7.1270 7.8765 6.1031 4.8770 6.0437 3.4910 5.0138 3.7311 6.2844 12.0
3823 5.22 0.89 -1.176 7.8511 7.1685 6.7708 5.1144 6.4777 3.5232 5.3126 4.2101 6.3241 12.0
3888 5.07 1.96 -1.032 7.8323 7.5647 6.2510 4.9927 6.7118 4.4645 5.7954 4.1494 6.4678 12.0
3895 5.12 1.62 -0.813 7.2973 7.8020 6.4265 5.5053 7.1755 4.2953 5.9595 3.6592 6.6868 12.0
3887 5.44 0.37 -1.134 7.8861 7.7648 6.4704 5.7212 6.6490 4.4523 5.6062 3.4965 6.3665 12.0
3819 5.01 0.23 -1.598 6.5872 7.6103 5.8840 5.2762 5.5235 3.6033 5.0032 3.0124 5.9021 12.0
3878 5.37 1.78 -1.363 6.7417 7.2481 6.2484 4.8950 6.3021 3.3550 4.9123 3.7622 6.1369 12.0
3890 5.22 1.50 -0.812 7.8582 7.8046 6.7471 5.1560 6.7906 4.3222 5.4437 4.1995 6.6878 12.0
3867 5.21 0.38 -0.193 8.5660 8.5272 6.8694 5.9421 7.7319 4.5206 6.5824 4.9284 7.3071 12.0
3898 5.43 1.97 -0.340 8.5318 8.4846 7.2036 6.5379 7.1823 4.5316 5.5477 4.7437 7.1598 12.0
3831 5.17 1.03 -0.183 8.7885 8.5061 7.5171 6.1087 7.5245 4.9004 5.7905 4.6221 7.3173 12.0
3847 5.11 0.70 -0.036 8.0825 8.9346 7.5565 6.2610 7.6456 5.0280 6.2284 5.1808 7.4640 12.0
3823 5.40 1.05 -0.838 7.6839 7.7712 6.5073 5.3268 7.0850 4.5166 5.1216 4.4349 6.6616 12.0
3807 5.38 1.90 0.522 9.1743 9.5263 7.8205 7.1205 7.8930 6.1023 6.8240 5.6165 8.0225 12.0
3874 5.37 1.29 -0.906 7.2204 7.8496 6.9677 5.8694 6.5590 3.9493 5.2378 3.8303 6.5937 12.0
3854 5.08 0.76 -0.250 8.5850 8.3900 7.4991 6.0505 7.1534 4.6167 6.3362 4.6503 7.2504 12.0
3836 5.09 1.33 -0.845 7.3363 8.1416 7.0725 5.5905 6.6331 4.2595 5.5946 4.5904 6.6546 12.0
3822 5.04 1.84 -0.596 8.0089 8.5668 6.8577 5.4418 7.2876 4.1534 5.3657 4.7537 6.9043 12.0
3861 5.22 1.96 0.452 8.8378 9.0420 8.3817 6.9847 8.2348 5.2312 6.7327 4.9092 7.9525 12.0
3835 5.38 1.23 -0.895 7.7833 8.1274 6.3855 5.0796 6.7587 4.0704 5.3099 4.4482 6.6048 12.0
3816 5.22 1.85 -0.674 8.1688 8.5759 6.6706 6.0989 6.6991 4.1650 5.9752 3.9329 6.8265 12.0
3830 5.06 0.54 -0.611 8.3001 7.6730 7.4026 5.6820 7.2059 4.8153 5.3683 4.3288 6.8888 12.0
3865 5.02 1.14 -1.389 7.0510 7.4463 6.1269 4.5564 6.2366 3.3403 4.5178 3.5465 6.1111 12.0
3831 5.15 0.61 -0.553 8.4281 7.9345 7.2264 5.8473 7.4308 4.1441 6.2755 4.8806 6.9466 12.0
3900 5.30 1.22 -1.575 6.6215 7.0624 6.0100 5.2002 6.0319 3.4992 5.1086 3.4812 5.9251 12.0
3822 5.39 1.27 -0.477 8.5142 8.0162 6.7024 6.1632 6.7041 4.2403 5.9028 4.1985 7.0230 12.0
3898 5.14 1.70 0.598 9.5356 9.5244 8.1908 7.0836 8.0043 6.0914 7.2042 5.6376 8.0975 12.0
3814 5.30 1.63 -1.132 7.7927 7.6466 6.3052 5.7657 6.4842 3.7711 5.3190 3.8524 6.3678 12.0
3899 5.11 1.71 -0.527 8.4656 8.6846 6.8284 6.0261 7.0083 4.9559 5.7624 4.0472 6.9726 12.0
3819 5.41 0.66 -0.373 8.0853 7.9363 7.6097 6.3207 7.4923 5.0579 6.4432 4.3509 7.1269 12.0
3857 5.13 1.18 -0.159 8.0563 8.4329 7.4344 6.0699 7.6778 4.6834 6.2279 4.6718 7.3413 12.0
3813 5.19 0.48 0.555 9.3752 9.5524 8.2593 7.0754 8.0681 5.4064 7.3909 5.7943 8.0555 12.0
3894 5.37 1.69 -1.299 7.5475 7.9689 6.6987 4.7486 6.7525 4.1644 5.4379 3.8036 6.2013 12.0
3855 5.12 0.01 -0.575 8.4393 8.1108 7.3836 5.8123 6.6127 4.9534 5.6821 4.5695 6.9250 12.0
3884 5.45 0.56 0.161 9.1913 8.9803 7.7689 6.3796 7.7104 5.2837 6.7859 5.4693 7.6607 12.0
3863 5.12 0.56 -1.327 7.4053 7.0613 6.1868 4.6407 6.2307 4.1171 5.2940 3.6393 6.1728 12.0
3899 5.30 0.98 -1.341 6.9946 7.7714 5.9391 5.0591 5.9090 3.9135 4.7068 3.2526 6.1587 12.0
3817 5.15 0.80 0.416 9.4108 9.6729 8.1086 7.0263 7.9889 5.6013 7.1597 5.6335 7.9156 12.0
3869 5.16 1.81 -0.281 7.8323 8.2718 6.9591 6.0611 7.5009 4.4756 6.2312 4.3187 7.2187 12.0
3825 5.49 1.39 -0.101 8.8826 8.4050 7.1032 6.3444 7.5151 5.3443 6.1423 5.2899 7.3989 12.0
3835 5.36 1.04 -1.670 6.8163 7.1695 5.9475 4.5236 5.8533 3.3993 4.6623 3.3796 5.8300 12.0
3879 5.41 1.46 -0.436 8.4703 7.9105 6.7367 6.0772 7.0298 4.4445 5.9166 4.0602 7.0638 12.0
3868 5.46 1.14 -0.847 7.5016 7.6082 6.5417 5.6981 6.8147 3.8161 5.6513 4.4526 6.6527 12.0
3887 5.07 1.44 -1.629 7.0517 6.9655 5.9999 4.5564 5.9711 3.3000 4.8204 3.6945 5.8708 12.0
3810 5.03 0.35 0.065 8.8101 9.0213 7.7900 6.6873 7.9033 5.3836 6.7314 4.8186 7.5647 12.0
3836 5.45 0.67 -0.321 8.4847 8.6817 7.1949 5.8522 7.5665 5.1556 6.0229 4.2726 7.1794 12.0
3819 5.36 0.33 -0.022 8.6865 8.9790 8.0137 6.4423 7.5859 4.8035 6.6120 4.6145 7.4775 12.0
3812 5.05 1.51 -1.380 7.2215 7.0669 6.5538 5.3391 6.2313 3.8018 4.7168 4.0221 6.1204 12.0
3881 5.32 1.07 -0.838 7.7100 8.0035 6.4668 6.0215 6.8042 4.5838 6.0311 4.2478 6.6615 12.0
3803 5.21 1.08 -0.801 7.3415 8.1995 7.1616 6.1025 7.0229 3.9190 5.1241 4.3424 6.6991 12.0
3877 5.48 0.67 -0.991 7.6621 8.0335 6.6452 5.6888 6.3166 4.6169 5.4162 4.3276 6.5093 12.0
3821 5.15 1.22 0.058 8.8826 8.5416 7.2785 6.2779 7.1910 5.5989 6.4424 5.2794 7.5575 12.0
3825 5.49 0.04 -0.387 8.3429 8.7694 7.4753 6.1587 6.7146 4.6700 6.2182 5.0009 7.1125 12.0
3880 5.35 1.69 0.363 8.6591 8.8029 8.0960 6.5590 7.9869 5.7838 6.7364 5.1339 7.8627 12.0
3846 5.40 1.64 -1.556 6.6660 7.0990 6.3910 5.0902 6.3871 3.6079 4.7786 3.5153 5.9436 12.0
3832 5.38 0.59 -0.939 7.1713 8.2907 6.6993 5.7799 6.4034 4.4518 5.6287 3.9988 6.5612 12.0
3827 5.33 0.51 0.450 9.3643 9.1113 7.8759 6.4647 7.9436 5.5801 6.8234 5.8830 7.9501 12.0
3882 5.45 0.50 -1.037 7.4324 8.0812 6.3451 5.0009 6.9042 3.9548 5.0101 3.9759 6.4635 12.0
3874 5.37 1.68 0.439 9.2248 9.0600 7.8147 6.5534 8.0814 5.3847 6.6352 5.0126 7.9393 12.0
3820 5.06 0.19 -0.059 8.4698 8.7283 7.9567 6.8091 7.9659 5.1604 6.7609 4.8052 7.4411 12.0
3857 5.18 1.68 -0.783 7.7963 7.6909 7.2036 5.8352 6.6696 4.0914 5.7646 4.4854 6.7175 12.0
3874 5.38 0.53 -0.204 8.1092 8.1949 6.9082 5.7798 7.5936 5.0757 6.5740 4.3471 7.2957 12.0
3867 5.36 0.21 -1.322 7.4954 7.8772 6.4240 5.2554 6.3582 3.9255 4.7703 4.0254 6.1779 12.0
3866 5.20 1.16 0.288 8.6243 9.3378 7.8965 6.4117 7.9992 5.1418 6.2284 5.4747 7.7876 12.0
3837 5.43 0.02 -0.866 7.7300 8.3844 6.2553 5.9761 7.1272 4.3159 5.4691 3.7914 6.6336 12.0
3895 5.26 0.22 -0.468 8.3471 8.2524 7.5594 6.4237 7.2959 4.2162 6.3672 4.8190 7.0317 12.0
3835 5.22 1.88 -0.904 7.5634 7.5050 7.0050 5.3067 6.2454 4.0540 5.8217 4.3944 6.5956 12.0
3823 5.08 0.16 -0.912 7.9488 8.3142 6.4249 5.9688 7.0873 4.4048 5.2305 4.4504 6.5876 12.0
3877 5.16 1.54 -1.039 7.3654 7.4569 6.2674 5.5130 6.2527 3.7974 5.6975 3.7426 6.4613 12.0
3841 5.17 0.37 -1.182 7.3410 7.5342 6.5306 5.0839 6.3645 3.5020 4.8819 3.3988 6.3183 12.0
3869 5.14 1.56 0.102 9.0023 9.2058 7.9012 6.7937 7.9766 5.1146 6.5565 5.3389 7.6018 12.0
3833 5.10 1.61 -0.625 8.3170 7.9707 6.6336 5.4724 7.2789 4.8654 5.4701 4.7063 6.8748 12.0
3826 5.39 1.77 -1.607 6.5348 6.6711 6.0302 5.1944 5.6451 3.4882 4.7092 3.0303 5.8933 12.0
3821 5.31 1.00 0.512 9.2315 9.6556 8.3699 7.3744 8.5523 5.7297 6.4375 5.6313 8.0118 12.0
3817 5.14 0.96 0.063 8.7708 9.1342 7.6060 6.1161 7.8340 5.1111 6.1702 4.6030 7.5632 12.0
3860 5.16 1.42 -0.935 7.5383 7.8752 6.2704 5.7801 6.7778 3.8019 5.0073 4.0153 6.5649 12.0
3841 5.44 1.34 -0.619 8.2886 7.9839 6.5698 5.9859 6.8945 4.5168 5.9557 4.1182 6.8806 12.0
3850 5.08 0.25 -0.616 7.4870 8.5208 6.8400 5.4130 7.2860 4.8117 5.9460 4.7981 6.8838 12.0
3890 5.14 0.44 -1.449 6.7721 7.7230 5.9561 5.3158 6.3869 3.2323 5.1917 3.0031 6.0508 12.0
